New seed generated at startup
Generation: 0 Score: 56.4057459934
Generation: 1 Score: 56.4057459934
